image_width: 1280
image_height: 1024
camera_name: mv_camera
camera_matrix:
  rows: 3
  cols: 3
  data: [1297.413511, 0.000000, 630.196470, 0.000000, 1297.537494, 522.083599, 0.000000, 0.000000, 1.000000]
distortion_model: plumb_bob
distortion_coefficients:
  rows: 1
  cols: 5
  data: [-0.081965, 0.192342, -0.002707, 0.000262, 0.000000]
rectification_matrix:
  rows: 3
  cols: 3
  data: [1.000000, 0.000000, 0.000000, 0.000000, 1.000000, 0.000000, 0.000000, 0.000000, 1.000000]
projection_matrix:
  rows: 3
  cols: 4
  data: [1297.020874, 0.000000, 630.320837, 0.000000, 0.000000, 1294.826294, 518.922644, 0.000000, 0.000000, 0.000000, 1.000000, 0.000000]
