image_width: 1280
image_height: 1024
camera_name: mv_camera
camera_matrix:
  rows: 3
  cols: 3
  data: [1571.444295, 0.000000, 634.536383, 0.000000, 1571.423082, 506.512748, 0.000000, 0.000000, 1.000000]
distortion_model: plumb_bob
distortion_coefficients:
  rows: 1
  cols: 5
  data: [-0.080253, 0.183351, -0.000553, 0.001138, 0.000000]
rectification_matrix:
  rows: 3
  cols: 3
  data: [1.000000, 0.000000, 0.000000, 0.000000, 1.000000, 0.000000, 0.000000, 0.000000, 1.000000]
projection_matrix:
  rows: 3
  cols: 4
  data: [1557.896362, 0.000000, 635.158993, 0.000000, 0.000000, 1559.658325, 505.686509, 0.000000, 0.000000, 0.000000, 1.000000, 0.000000]