image_width: 1280
image_height: 1024
camera_name: mv_camera
camera_matrix:
  rows: 3
  cols: 3
  data: [1326.257338, 0.000000, 629.495461, 0.000000, 1325.141160, 507.959554, 0.000000, 0.000000, 1.000000]
distortion_model: plumb_bob
distortion_coefficients:
  rows: 1
  cols: 5
  data: [-0.075118, 0.200522, -0.001565, 0.000850, 0.000000]
rectification_matrix:
  rows: 3
  cols: 3
  data: [1.000000, 0.000000, 0.000000, 0.000000, 1.000000, 0.000000, 0.000000, 0.000000, 1.000000]
projection_matrix:
  rows: 3
  cols: 4
  data: [1327.238525, 0.000000, 630.260374, 0.000000, 0.000000, 1326.292847, 506.188757, 0.000000, 0.000000, 0.000000, 1.000000, 0.000000]