image_width: 1280
image_height: 1024
camera_name: mv_camera
camera_matrix:
  rows: 3
  cols: 3
  data: [1557.387791, 0.000000, 646.397848, 0.000000, 1559.413404, 522.577804, 0.000000, 0.000000, 1.000000]
distortion_model: plumb_bob
distortion_coefficients:
  rows: 1
  cols: 5
  data: [-0.094455, 0.257714, 0.001787, 0.001353, 0.000000]
rectification_matrix:
  rows: 3
  cols: 3
  data: [1.000000, 0.000000, 0.000000, 0.000000, 1.000000, 0.000000, 0.000000, 0.000000, 1.000000]
projection_matrix:
  rows: 3
  cols: 4
  data: [1547.816162, 0.000000, 647.061488, 0.000000, 0.000000, 1549.476562, 523.310662, 0.000000, 0.000000, 0.000000, 1.000000, 0.000000]
